0 3 3750.0 108 3068 17.46875 82782298.0378
0 4 1365.0 256 9504 50.125 85361336.0988
0 5 577.5 500 22510 113.3203125 85536115.5087
0 6 301.5 864 43008 211.875 85886086.2423
0 7 151.5 1372 74052 358.9375 83115723.1846
0 8 151.5 2048 118338 566.2578125 85794012.8765
0 10 51.0 4000 245158 1160.7734375 85650235.117
0 12 25.5 6912 447768 2100.09375 87844951.568
0 15 15.0 13500 889314 4159.4296875 83385692.4592
0 18 9.0 23328 1599886 7434.1796875 83243521.41
0 22 4.5 42592 3002716 13892.234375 96530265.4224
0 27 3.0 78732 5539826 25638.0546875 86124336.2845
0 34 1 157216 11449236 52707.203125 85455551.6734
0 42 1 296352 21674502 99715.1484375 85345920.5667
0 52 1 562432 41919618 192309.507812 82857815.4187
0 65 1 1098500 83052008 380205.109375 83064365.7509
0 81 1 2125764 161836128 740121.328125 83048253.7359
0 102 1 4244832 326288450 1490122.13281 79614133.9777
0 128 1 8388608 649443210 2962871.53906 44654275.6025
1 3 4965.0 108 3068 17.46875 84643461.4482
1 4 1366.5 256 9504 50.125 82203031.4638
1 5 556.5 500 22510 113.3203125 82425436.5301
1 6 289.5 864 43008 211.875 83008817.6374
1 7 150.0 1372 74052 358.9375 82911250.6606
1 8 154.5 2048 118338 566.2578125 79848671.9616
1 10 39.0 4000 245158 1160.7734375 76489296.0
1 12 25.5 6912 447768 2100.09375 74147399.2295
1 15 12.0 13500 889314 4159.4296875 61695923.3987
1 18 6.0 23328 1599886 7434.1796875 56482382.2388
1 22 3.0 42592 3002716 13892.234375 53310275.1786
1 27 1 78732 5539826 25638.0546875 51308371.5003
1 34 1 157216 11449236 52707.203125 50223368.8418
1 42 1 296352 21674502 99715.1484375 48066464.641
1 52 1 562432 41919618 192309.507812 40236153.4498
1 65 1 1098500 83052008 380205.109375 25876904.7737
1 81 1 2125764 161836128 740121.328125 18403705.8428
1 102 1 4244832 326288450 1490122.13281 15696879.9938
1 128 1 8388608 649443210 2962871.53906 13700814.8691
2 3 3781.5 108 3068 17.46875 84069572.1044
2 4 1359.0 256 9504 50.125 84443214.4549
2 5 556.5 500 22510 113.3203125 85232282.7907
2 6 295.5 864 43008 211.875 85301936.8193
2 7 145.5 1372 74052 358.9375 85528337.8605
2 8 75.0 2048 118338 566.2578125 82201093.4992
2 10 51.0 4000 245158 1160.7734375 84474268.9781
2 12 30.0 6912 447768 2100.09375 85008469.4322
2 15 15.0 13500 889314 4159.4296875 85507749.8592
2 18 9.0 23328 1599886 7434.1796875 85197829.5471
2 22 4.5 42592 3002716 13892.234375 93214419.0518
2 27 3.0 78732 5539826 25638.0546875 84379773.0251
2 34 1 157216 11449236 52707.203125 84803021.0778
2 42 1 296352 21674502 99715.1484375 82431532.2117
2 52 1 562432 41919618 192309.507812 84530587.2384
2 65 1 1098500 83052008 380205.109375 84759193.9125
2 81 1 2125764 161836128 740121.328125 82707605.3886
2 102 1 4244832 326288450 1490122.13281 83100060.0768
2 128 1 8388608 649443210 2962871.53906 68452159.9588
