0 3 3751.5 108 3068 17.46875 86551383.2725
0 4 1365.0 256 9504 50.125 87079706.0134
0 5 577.5 500 22510 113.3203125 87848283.7326
0 6 307.5 864 43008 211.875 88771230.9943
0 7 180.0 1372 74052 358.9375 88287345.9663
0 8 76.5 2048 118338 566.2578125 88767403.3705
0 10 51.0 4000 245158 1160.7734375 88687946.4602
0 12 31.5 6912 447768 2100.09375 89852546.7977
0 15 16.5 13500 889314 4159.4296875 90036351.8324
0 18 9.0 23328 1599886 7434.1796875 88895801.8006
0 22 6.0 42592 3002716 13892.234375 88763332.125
0 27 3.0 78732 5539826 25638.0546875 87947220.7404
0 34 1 157216 11449236 52707.203125 87412083.5716
0 42 1 296352 21674502 99715.1484375 87410579.7504
0 52 1 562432 41919618 192309.507812 88079867.1144
0 65 1 1098500 83052008 380205.109375 86615845.0702
0 81 1 2125764 161836128 740121.328125 87115484.7911
0 102 1 4244832 326288450 1490122.13281 85406449.7622
0 128 1 8388608 649443210 2962871.53906 54569629.8388
1 3 3753.0 108 3068 17.46875 85944746.3945
1 4 1251.0 256 9504 50.125 86788876.6033
1 5 556.5 500 22510 113.3203125 84652232.1963
1 6 307.5 864 43008 211.875 87581950.1374
1 7 172.5 1372 74052 358.9375 84612381.0309
1 8 75.0 2048 118338 566.2578125 82201093.4992
1 10 51.0 4000 245158 1160.7734375 79646229.4992
1 12 25.5 6912 447768 2100.09375 75631246.5155
1 15 12.0 13500 889314 4159.4296875 63917472.8247
1 18 6.0 23328 1599886 7434.1796875 59270847.3126
1 22 4.5 42592 3002716 13892.234375 67909277.6834
1 27 3.0 78732 5539826 25638.0546875 56727818.24
1 34 1 157216 11449236 52707.203125 55853590.1813
1 42 1 296352 21674502 99715.1484375 57198202.5881
1 52 1 562432 41919618 192309.507812 46793460.8286
1 65 1 1098500 83052008 380205.109375 23112086.6084
1 81 1 2125764 161836128 740121.328125 16633511.5201
1 102 1 4244832 326288450 1490122.13281 14320603.5992
1 128 1 8388608 649443210 2962871.53906 12491418.4668
2 3 3724.5 108 3068 17.46875 87239577.8863
2 4 1366.5 256 9504 50.125 87745380.1831
2 5 601.5 500 22510 113.3203125 88521751.6999
2 6 301.5 864 43008 211.875 88226696.9302
2 7 180.0 1372 74052 358.9375 88884100.2198
2 8 154.5 2048 118338 566.2578125 85856203.1711
2 10 51.0 4000 245158 1160.7734375 89337157.5543
2 12 25.5 6912 447768 2100.09375 89939369.3538
2 15 15.0 13500 889314 4159.4296875 88953117.0696
2 18 9.0 23328 1599886 7434.1796875 89462567.3174
2 22 4.5 42592 3002716 13892.234375 100128559.588
2 27 3.0 78732 5539826 25638.0546875 87950105.7984
2 34 1 157216 11449236 52707.203125 88776281.4122
2 42 1 296352 21674502 99715.1484375 88117876.1211
2 52 1 562432 41919618 192309.507812 88449584.1999
2 65 1 1098500 83052008 380205.109375 88364445.683
2 81 1 2125764 161836128 740121.328125 88448966.6139
2 102 1 4244832 326288450 1490122.13281 88463039.91
2 128 1 8388608 649443210 2962871.53906 74883896.8326
