0 3 1 108 3068 17.46875 95.875
0 4 1 256 9504 50.125 96.0
0 5 1 500 22510 113.3203125 110.343137255
0 6 1 864 43008 211.875 113.477572559
0 7 1 1372 74052 358.9375 118.4832
0 8 1 2048 118338 566.2578125 119.29233871
0 10 1 4000 245158 1160.7734375 120.234428641
0 12 1 6912 447768 2100.09375 120.432490586
0 15 1 13500 889314 4159.4296875 119.131145345
0 18 1 23328 1599886 7434.1796875 120.937788193
0 22 1 42592 3002716 13892.234375 119.763720485
0 27 1 78732 5539826 25638.0546875 120.978031097
0 34 1 157216 11449236 52707.203125 120.970320672
0 42 1 296352 21674502 99715.1484375 120.283592774
0 52 1 562432 41919618 192309.507812 121.408660293
0 65 1 1098500 83052008 380205.109375 117.221484675
0 81 1 2125764 161836128 740121.328125 117.708675695
0 102 1 4244832 326288450 1490122.13281 115.652342353
0 128 1 8388608 649443210 2962871.53906 69.8601566725
1 3 1 108 3068 17.46875 92.9696969697
1 4 1 256 9504 50.125 108.0
1 5 1 500 22510 113.3203125 109.804878049
1 6 1 864 43008 211.875 127.24260355
1 7 1 1372 74052 358.9375 112.2
1 8 1 2048 118338 566.2578125 104.262555066
1 10 1 4000 245158 1160.7734375 97.8284118117
1 12 1 6912 447768 2100.09375 91.5306623058
1 15 1 13500 889314 4159.4296875 76.731147541
1 18 1 23328 1599886 7434.1796875 71.0586719964
1 22 1 42592 3002716 13892.234375 66.9412341716
1 27 1 78732 5539826 25638.0546875 64.7304488041
1 34 1 157216 11449236 52707.203125 61.8032420528
1 42 1 296352 21674502 99715.1484375 63.2252533444
1 52 1 562432 41919618 192309.507812 53.8586890326
1 65 1 1098500 83052008 380205.109375 27.8667154308
1 81 1 2125764 161836128 740121.328125 20.0867893185
1 102 1 4244832 326288450 1490122.13281 17.0390115791
1 128 1 8388608 649443210 2962871.53906 13.9036224512
2 3 1 108 3068 17.46875 60.1568627451
2 4 1 256 9504 50.125 108.0
2 5 1 500 22510 113.3203125 127.175141243
2 6 1 864 43008 211.875 121.149295775
2 7 1 1372 74052 358.9375 127.896373057
2 8 1 2048 118338 566.2578125 113.350574713
2 10 1 4000 245158 1160.7734375 121.908503232
2 12 1 6912 447768 2100.09375 116.910704961
2 15 1 13500 889314 4159.4296875 121.623905908
2 18 1 23328 1599886 7434.1796875 121.41504136
2 22 1 42592 3002716 13892.234375 121.675824621
2 27 1 78732 5539826 25638.0546875 121.807959543
2 34 1 157216 11449236 52707.203125 120.767435973
2 42 1 296352 21674502 99715.1484375 121.470014291
2 52 1 562432 41919618 192309.507812 120.852484821
2 65 1 1098500 83052008 380205.109375 119.898147507
2 81 1 2125764 161836128 740121.328125 120.881211052
2 102 1 4244832 326288450 1490122.13281 119.485090018
2 128 1 8388608 649443210 2962871.53906 102.746654272
