9 512 524288 268435456 24 2.87756347656
10 1024 262144 268435456 48 2.89256000519
11 2048 131072 268435456 96 2.89756011963
12 4096 65536 268435456 192 2.899559021
13 8192 32768 268435456 384 2.90655708313
14 16384 16384 268435456 768 2.91155815125
15 32768 8192 268435456 1536 2.91055679321
16 65536 4096 268435456 3072 2.91255760193
17 131072 2048 268435456 6144 2.91955566406
18 262144 1024 268435456 12288 3.19851303101
19 524288 512 268435456 24576 3.72043609619
20 1048576 256 268435456 49152 4.01438903809
21 2097152 128 268435456 98304 4.1393699646
22 4194304 64 268435456 196608 4.40033340454
23 8388608 32 268435456 393216 4.50431442261
24 16777216 16 268435456 786432 4.56530380249
25 33554432 8 268435456 1572864 4.63329315186
26 67108864 4 268435456 3145728 4.72528839111
27 134217728 2 268435456 6291456 4.99923706055
28 268435456 1 268435456 12582912 5.35018920898
