   536870912           1   1.415785       1.164822       22.82953    
   268435456           2   1.434780       1.166824       21.55473    
   134217728           4   1.436783       1.165817       20.13394    
    67108864           8   1.368790       1.166824       19.42205    
    33554432          16   1.411789       1.165817       19.07510    
    16777216          32   1.411789       1.167831       18.57317    
     8388608          64   1.414780       1.165833       17.63731    
     4194304         128   1.410782       1.164825       15.84758    
     2097152         256   1.401794       1.144821       12.38512    
     1048576         512   1.172821       1.144821       4.812271    
      524288        1024   1.155823       1.142838       2.779572    
      262144        2048   1.154831       1.143829       2.749573    
      131072        4096   1.153839       1.143814       2.704590    
       65536        8192   1.150833       1.144821       2.588608    
       32768       16384   1.146820       1.145844       2.385620    
       16384       32768   1.145844       1.143829       2.076660    
        8192       65536   1.145844       1.145813       1.819733    
        4096      131072   1.145813       1.144836       1.405792    
        2048      262144   1.144836       1.144806       1.363800    
        1024      524288   1.144836       1.145813       1.196808    
         512     1048576   1.146851       1.146820       1.188812    
