   536870912           1   1.305802       1.193817       22.16763    
   268435456           2   1.313801       1.194817       19.50604    
   134217728           4   1.313805       1.193817       18.00826    
    67108864           8   1.291801       1.193817       17.44935    
    33554432          16   1.285805       1.193817       17.13440    
    16777216          32   1.282806       1.193817       16.66447    
     8388608          64   1.283813       1.194809       15.81160    
     4194304         128   1.282806       1.191818       14.17084    
     2097152         256   1.275803       1.178833       11.09930    
     1048576         512   1.181824       1.175827       4.670288    
      524288        1024   1.162827       1.174820       2.752579    
      262144        2048   1.159821       1.171829       2.719589    
      131072        4096   1.157822       1.169830       2.660599    
       65536        8192   1.155823       1.169830       2.541611    
       32768       16384   1.152832       1.169815       2.306656    
       16384       32768   1.151825       1.169815       1.895721    
        8192       65536   1.148819       1.168823       1.369797    
        4096      131072   1.148819       1.170822       1.263809    
        2048      262144   1.148834       1.169815       1.178818    
        1024      524288   1.147827       1.169830       1.146820    
         512     1048576   1.147827       1.168823       1.149826    
