3 3411.0 3068 17.46875 86435063.9403
4 1222.5 9492 50.078125 84244213.2111
5 564.0 22268 112.375 86723511.3403
6 286.5 42700 210.671875 89960986.3373
3 3751.5 3068 17.46875 80656498.9265
4 961.5 9492 50.078125 84999575.2762
5 535.5 22268 112.375 82362901.6755
6 309.0 42700 210.671875 87934270.0768
3 3123.0 3068 17.46875 89903442.2564
4 1402.5 9492 50.078125 83838909.8952
5 618.0 22268 112.375 89429703.3747
6 324.0 42700 210.671875 89335529.2008
3 4393.5 3068 17.46875 90313267.9655
4 955.5 9492 50.078125 83012407.3912
5 552.0 22268 112.375 83556637.2768
6 211.5 42700 210.671875 86476136.5465
3 3658.5 3068 17.46875 89934540.8763
4 1440.0 9492 50.078125 91465221.1143
5 592.5 22268 112.375 86970161.9563
6 325.5 42700 210.671875 84970676.7663
3 3658.5 3068 17.46875 88247418.2147
4 1180.5 9492 50.078125 88228703.3842
5 555.0 22268 112.375 88084788.6885
6 318.0 42700 210.671875 89044922.5674
3 3658.5 3068 17.46875 91488625.8497
4 1153.5 9492 50.078125 93171391.703
5 600.0 22268 112.375 89164914.1326
6 285.0 42700 210.671875 90244380.3933
